-715
2077
3772
1991
21
-4011
-5334
-3268
-3370
-2554
-603
-280
-875
-1506
-2166
-2191
-1650
-1248
1173
3399
2348
1582
534
-1104
-998
-1038
222
2164
892
-554
-1538
-2909
-3244
-3163
-2095
-993
-1605
-2234
-1876
-1582
-1748
-1576
-1032
-607
184
1010
1670
1852
1252
1019
1133
1652
2330
2336
2268
1734
775
105
-533
-927
-1084
-1175
-1079
-1217
-1379
-2164
-3116
-2966
-2740
-1908
-708
-210
-174
-702
-879
-348
107
675
1274
1540
1417
1005
738
469
267
383
718
1182
1210
674
-92
-727
-994
-618
252
757
928
728
608
942
1369
1895
2662
3388
3763
4277
4627
5800
4492
73
-949
-866
-1098
1800
3002
1698
-517
-4187
-4826
-3743
-3974
-2874
-1020
-413
-583
-957
-1735
-2312
-2603
-2253
665
2673
2164
2003
618
-1082
-1428
-1698
-21
1428
443
-248
-1213
-2434
-3003
-3141
-2268
-1723
-2110
-1981
-1296
-1092
-1428
-1454
-1325
-884
105
1074
2010
1967
1156
795
792
1398
1999
1909
1542
919
401
316
258
-214
-1167
-1958
-2032
-1660
-1453
-1539
-1919
-2354
-2321
-1763
-974
-332
-135
-204
-248
61
603
852
940
1023
882
726
915
923
718
516
294
437
779
825
527
5
-332
-247
167
787
1119
1091
950
964
1240
1766
2420
2995
3498
4419
4914
2821
31
-1171
-1963
-953
1680
2842
2176
-153
-2795
-3747
-3851
-3857
-2605
-926
-297
-143
-192
-1047
-1962
-2591
-1983
334
1824
2350
2388
1019
-510
-1386
-1481
-306
499
216
-47
-487
-1386
-2178
-2615
-2529
-2449
-2506
-1818
-906
-800
-1132
-1543
-1840
-1725
-973
322
1300
1470
1210
882
728
901
871
1041
1154
798
889
692
-217
-833
-1471
-2017
-1574
-1146
-1144
-1057
-1519
-1991
-1787
-1508
-958
-222
13
321
857
1045
1135
1135
1018
1080
1330
1677
2042
2018
1656
1285
1001
983
1152
1399
1281
956
772
565
743
1073
1179
1371
1738
1923
2352
2832
2578
2911
3223
3736
4142
2507
335
-888
-1634
-869
850
1486
927
-834
-2848
-3652
-3702
-3806
-2863
-1971
-1690
-1033
-719
-918
-1377
-2095
-1797
-596
536
1480
1830
1070
-25
-749
-941
-363
1
-34
84
-187
-747
-870
-1018
-1318
-1806
-2035
-1497
-741
-32
273
-27
-721
-1369
-1112
-178
542
1141
1294
925
781
801
851
1176
1007
560
404
216
-54
-442
-1021
-1508
-1840
-1866
-1743
-1822
-1981
-2428
-2642
-2309
-1876
-1488
-1116
-748
-382
-76
383
587
667
764
600
902
1494
1654
1774
1696
1241
950
879
1111
1220
1014
950
834
1005
1304
1165
1271
1341
1477
1950
2266
2620
2647
2688
2998
3634
3772
2342
1113
51
-652
-158
592
1162
563
-894
-1949
-2772
-3089
-3257
-3070
-2362
-2235
-1611
-942
-1013
-1371
-2067
-2231
-1569
-753
147
748
679
-54
-736
-880
-905
-918
-1074
-1119
-1035
-1129
-803
-575
-1163
-1815
-2395
-2405
-1704
-966
-191
-61
-771
-1295
-1309
-899
-223
376
738
1051
1017
1039
1341
904
389
145
182
687
793
715
433
-424
-1028
-1154
-1151
-1100
-1121
-1063
-891
-816
-857
-680
-690
-951
-672
-129
360
725
726
601
363
217
512
888
1340
1572
1398
1353
1144
841
706
606
732
980
1287
1653
1692
1483
1433
1535
1815
2249
2630
2834
3144
3180
3384
4149
3725
2777
2119
677
473
962
904
1573
1259
-61
-773
-1481
-2316
-2310
-2260
-2160
-1529
-1029
-720
-313
-744
-1331
-1401
-1521
-861
116
506
683
292
-422
-622
-713
-734
-553
-534
-413
-88
-55
-180
-549
-1314
-1940
-2037
-1370
-543
-158
-180
-725
-1226
-1244
-1107
-425
66
57
429
597
698
885
473
-2
-117
-186
105
627
637
212
-336
-887
-1065
-944
-765
-453
-421
-657
-652
-572
-650
-634
-781
-848
-539
-329
4
169
-43
-260
-351
-147
434
921
1169
1114
834
719
748
945
1145
1265
1354
1516
1619
1797
1995
1841
1663
1499
1521
1795
2076
2384
2412
2257
2159
2421
2829
3176
3407
2642
1987
1407
572
650
684
187
300
-48
-417
-346
-1064
-1308
-1446
-1834
-1803
-1562
-1289
-1324
-1281
-1300
-1453
-1381
-1523
-1389
-1170
-1254
-1037
-866
-851
-819
-987
-1109
-1134
-1097
-984
-723
-430
-384
-556
-716
-906
-1074
-857
-593
-317
-89
-29
94
-43
-114
-79
-318
-209
-14
106
312
200
45
-223
-488
-565
-302
23
133
423
268
-79
-288
-581
-750
-832
-701
-546
-167
0
-75
-147
-500
-995
-906
-746
-681
-254
-211
-279
-458
-756
-702
-548
-656
-212
-146
120
269
164
288
315
181
215
733
485
772
619
787
666
772
607
778
1105
881
963
1571
1330
1296
1865
1629
1492
1440
1317
1351
1729
1343
1226
1393
656
243
391
43
-357
-30
-430
-453
-472
-1047
-1155
-1210
-1492
-1430
-1136
-1301
-1022
-1165
-1228
-1054
-1128
-1546
-1433
-1392
-1424
-1115
-1260
-1133
-1334
-1576
-1431
-1479
-1535
-1362
-1211
-981
-633
-498
-636
-611
-838
-1075
-799
-653
-648
-396
-670
-869
-552
-989
-552
-515
-505
-363
-294
-209
-304
-275
-532
-305
-260
-72
342
210
248
-13
-132
-84
-146
66
-259
154
-223
-84
-17
-253
-66
-371
-139
-267
484
-146
15
74
-195
-98
-143
459
-269
347
187
-281
-152
304
65
-198
891
301
334
729
692
1042
1351
1067
936
1577
1252
833
1797
882
1229
1411
1443
1004
1195
403
563
18
-318
961
-454
589
-83
304
28
331
304
236
279
71
686
467
627
38
1165
191
106
1341
10
511
1238
-150
243
850
-587
246
511
-447
411
305
-118
-479
284
-747
-789
274
-764
-359
334
-604
-674
182
-1228
-466
-391
-448
-180
-374
-205
-788
-274
-377
-732
-69
-423
-1130
-400
-1041
-875
-211
-765
128
-819
116
-474
-379
138
-414
-55
240
289
-118
1227
-194
529
328
529
597
-222
733
-153
488
143
-325
336
248
84
1
649
-100
571
387
226
325
596
692
346
1877
424
1077
525
1135
621
895
894
540
1180
-187
1432
-117
330
494
-753
514
164
-639
546
-121
-663
399
-129
-149
1072
122
-366
1106
-482
-396
663
74
-338
535
745
-1089
1658
-688
-38
477
-321
-460
193
438
-1703
1483
-1225
-767
416
-1041
-477
-86
-431
-795
747
-611
-533
722
-680
-489
682
-291
-502
634
-1246
305
-621
-448
282
-313
-329
-652
-167
-1862
324
-1415
-541
-502
-1017
-17
-533
181
-817
374
-205
-585
457
-102
-308
153
-295
-6
-311
375
27
-156
842
-1080
-141
19
-707
354
124
52
521
598
173
1145
-7
504
759
417
1228
395
801
557
408
674
602
536
769
-22
648
-521
763
-825
-73
-393
-805
-313
-1013
-157
-881
-255
-610
-220
-177
-205
-180
-141
-457
714
-1152
-7
302
-470
471
110
-663
532
-473
-255
629
-666
-83
36
-513
187
-935
89
-591
-1073
539
-976
-323
-567
-354
-542
-618
-187
-526
-645
60
-817
-506
267
-1434
735
-937
-845
-288
-960
-337
-1170
187
-1282
-197
-974
-1337
125
-1803
-18
-1393
-1016
-171
-822
-460
-355
-591
-167
26
-967
634
-270
-352
-559
370
-303
-279
248
-313
698
-486
721
351
977
315
624
1264
19
1783
186
1590
741
1025
1499
723
1414
426
1320
125
965
446
-155
943
-462
-161
256
-1048
-213
-20
-520
-795
905
-1093
-76
203
-372
-37
334
-115
-33
407
-323
150
325
-18
78
995
-283
859
735
279
728
769
568
175
1570
-654
1328
133
363
852
582
380
48
1207
-69
630
1103
565
215
1367
-15
766
779
209
488
761
-82
23
1184
-953
215
705
-1586
760
-49
-1115
472
-143
-1199
377
-332
-1127
626
-445
-119
124
431
-777
1082
-37
-699
1492
-957
33
4
-421
-83
410
-1224
401
414
-603
81
1239
32
-176
1357
166
928
936
349
620
2122
-153
680
1739
5
546
862
246
128
1004
449
-363
868
697
-834
377
155
-176
-214
265
-56
2
-56
355
-33
494
231
225
989
25
587
299
290
140
-377
455
-178
-590
414
-435
-504
-280
454
-1128
-332
272
-1105
-231
71
-551
234
180
-711
247
406
-387
-153
291
-200
-598
229
-214
-669
991
-864
69
418
-694
-46
-346
-458
-584
-333
-328
-1038
306
-688
-1181
673
-701
-1042
1004
-427
-764
1085
-1067
475
113
169
-86
706
222
-353
1146
-550
-85
-440
-465
1
-998
310
-164
-507
490
-642
-68
-303
251
-784
209
38
-336
-61
-121
239
-933
568
-605
-104
-52
420
-718
479
33
-592
489
-330
-15
712
-136
117
29
618
313
-274
890
813
-172
551
810
-577
652
588
-612
365
946
-556
418
912
-614
879
522
-1310
1556
-799
-526
460
-422
-167
-122
55
-433
188
-50
-804
587
-78
-1073
324
-136
-738
286
-622
540
-560
-157
-308
-185
-389
-611
-701
-434
-460
-2064
877
-1803
-933
28
-1780
-704
-610
-886
-1565
731
-647
-1784
1133
-715
-884
862
-935
217
654
-858
242
235
-845
262
-1229
99
-463
-519
26
-980
508
-934
112
-557
46
-20
-96
-159
129
833
-804
1094
-310
437
552
-271
733
-48
717
-34
415
363
649
-423
343
-92
588
-108
-268
329
-173
-121
-344
27
-307
524
-964
164
233
-124
-269
389
-112
-116
386
165
-646
698
-29
-787
572
-446
-25
-708
241
-206
-234
870
-833
836
331
-904
678
-220
-323
11
-13
-894
782
-700
-403
-97
183
-637
176
560
-1147
746
-592
-631
665
-385
-919
925
-588
-1009
-97
-188
-811
-655
331
-794
-946
814
-1196
-494
184
-1106
-253
-578
-489
77
-743
-579
-430
180
-628
-848
792
-821
61
21
106
81
-47
-9
623
-1373
637
427
-305
702
541
-113
1064
484
-542
1656
-18
382
230
1025
-869
1524
-172
-493
1158
20
-227
1024
436
-65
439
62
702
-929
888
-295
456
35
97
322
151
-117
-378
792
-589
541
-286
754
-30
-466
1261
-618
386
549
-247
-48
885
-658
245
392
97
78
238
541
-651
1095
-20
49
439
858
-431
506
615
-253
418
401
513
-231
984
-150
21
1915
-653
394
1457
52
193
1105
-216
471
1073
-864
389
1006
-817
-169
591
-701
549
-274
348
424
126
-384
-61
474
-1419
426
-343
-274
255
-336
-39
213
-309
-357
591
-900
526
-130
-13
-21
280
-586
124
546
-709
360
-248
64
-555
360
-725
-141
363
-537
-18
197
-40
-256
109
-555
25
-255
-188
148
-170
656
-459
668
266
-149
206
-124
66
-183
-20
116
-246
404
-155
-427
56
195
-708
117
-436
-721
426
-1097
-362
-391
-669
-683
-703
244
-1274
-116
194
-1780
890
-734
-837
1119
-916
-651
1200
-1155
-264
161
-646
-62
-789
454
-734
-71
357
-666
333
1
-14
-206
92
-669
-580
313
-925
-226
-19
-600
-695
201
-680
-881
18
-1005
-160
-560
-935
287
-981
-230
-389
-102
-686
-78
216
-957
406
-640
33
-62
-584
404
-11
-157
400
-609
662
-288
-67
707
-429
251
697
-142
-202
1210
-619
305
1045
-585
795
349
-163
879
501
-60
447
1552
-477
816
1192
-52
914
1057
86
881
1068
356
639
985
-113
735
699
-777
747
765
-1237
691
417
-547
-3
636
-449
-561
830
-387
-349
574
-202
-419
766
-473
-17
254
108
-578
915
-142
-116
1162
-414
786
155
595
-276
1014
-570
-16
445
-425
276
-173
-234
230
247
-545
739
-51
-24
-151
123
-11
-553
-277
41
-496
-262
-783
-287
274
-1115
120
-448
-493
-135
-737
-564
267
-875
-676
717
-769
-251
510
-1434
174
276
-1168
-66
296
-454
-721
667
-272
-480
1292
-1127
728
644
-629
268
1282
-440
-263
2048
-852
960
311
271
590
-16
721
-224
934
-100
7
933
-182
232
238
1165
-1248
1202
338
-1040
1374
-743
176
-155
591
-931
741
-162
-763
722
-507
-736
459
156
-1504
1854
-1097
-22
1019
-1182
681
-298
-5
-388
165
-586
-262
390
-1297
495
-393
74
-686
1046
-502
-140
848
-664
711
-245
541
35
-31
617
-154
-505
438
-680
-98
837
-963
498
215
192
-374
143
537
-795
561
-311
286
-460
582
-801
-335
679
-1582
739
-421
-447
-160
-592
763
-1439
544
-341
-555
464
-918
121
-112
-286
-514
711
-591
109
597
-343
378
23
947
-1113
1043
528
-755
1281
-233
290
955
-205
72
1246
-145
275
179
1179
-600
633
1188
-549
1202
693
535
428
747
55
806
56
-298
466
320
-191
-8
937
-566
599
157
-298
946
-440
-16
302
-593
119
-185
-135
-302
385
-1140
698
-1046
299
-465
59
-17
-1124
1148
-1419
459
-195
-131
-205
371
-512
357
254
-705
490
73
-267
84
578
-514
-171
931
-936
459
562
-567
471
-136
-516
233
-228
-628
-57
-176
-401
13
-329
-213
-415
114
-672
-315
-13
-69
-319
-172
-184
363
-365
0
525
-684
883
-298
-380
1035
-708
-18
938
-1039
748
107
241
-243
630
32
-145
560
-247
286
154
657
-670
923
409
-82
619
141
651
-453
1075
-435
655
344
-4
423
252
386
-249
989
-694
775
272
333
-34
469
430
-658
908
-978
361
-260
-289
-251
-180
96
-994
693
-562
-103
-249
349
-581
383
-175
-562
861
-1162
800
-389
490
59
-140
858
-787
498
-558
377
-640
81
-29
-298
133
-122
-5
-329
67
-590
514
-907
550
-121
-533
702
-1294
422
38
-1015
454
-300
-496
475
-926
315
-372
-788
280
-920
-88
66
-871
414
-215
-614
339
-578
31
-527
-67
280
-924
1002
-271
-63
933
-541
346
-6
402
-306
401
30
30
10
706
-996
529
625
-1213
1162
-117
205
324
640
-287
546
694
-515
801
-130
512
241
224
332
494
571
-457
1068
-315
298
116
-137
416
-69
-406
624
-103
-106
134
-2
410
-391
124
-142
269
-701
5
122
-613
7
-434
203
-924
346
-642
-693
720
-1435
332
-112
-620
53
-152
-550
109
-260
-508
279
-449
97
-66
-149
168
21
-288
274
-162
251
-452
427
117
-454
964
-1076
1059
-420
160
5
-119
751
-737
846
-354
487
122
3
127
324
141
-444
630
-397
290
-371
-60
-85
-738
715
-1345
615
-294
-349
215
-710
143
-275
-367
-610
142
-365
-133
-193
333
-745
643
-487
-526
512
-526
-335
497
-518
318
-115
363
-138
256
278
-739
1359
-1294
849
-916
628
-280
-170
435
-61
625
-70
376
79
419
-636
1029
-1142
713
68
-312
437
96
502
-39
626
-215
775
-632
537
-576
290
-2
-606
691
-349
107
147
-284
179
-133
-286
455
-813
1201
-1010
628
-69
-304
-104
-350
461
-1443
1453
-1759
837
101
-902
711
-346
94
-480
222
-217
-327
-454
491
-1035
526
118
-1291
1773
-1662
279
618
-1416
992
-432
-155
433
-197
-131
536
-1329
982
-1231
-133
207
-1504
1080
-1108
588
132
-265
1278
-368
-91
1317
-1041
275
798
-1070
587
81
-375
392
48
-149
-17
16
-485
82
134
-481
264
391
20
-196
873
-691
163
270
-1047
272
-65
-702
398
-7
144
600
42
731
100
1019
-446
715
125
74
515
4
484
-151
1092
-764
792
136
-41
242
97
212
-110
563
-66
266
161
556
-78
160
735
-632
526
77
-507
886
-361
35
1000
-436
240
835
-377
54
414
-327
-199
424
-281
-204
183
360
-976
838
-82
-459
647
-213
-202
788
-324
-345
1078
-906
504
67
-310
279
-78
-121
-228
260
-539
98
-99
-258
-202
337
-479
-91
532
-690
705
-391
195
484
-671
339
-143
-10
-86
-339
403
-306
-132
484
-450
447
453
-625
932
-72
-133
761
-558
1173
-788
675
412
-515
1270
-776
781
188
64
254
106
-24
607
-497
351
521
-958
983
-847
107
-7
-466
96
-526
253
-372
25
-510
288
-310
-272
-382
81
-178
-922
436
-561
-361
90
-554
-339
176
-606
-491
264
-935
-220
-579
80
-901
-98
47
-543
263
-439
100
76
-153
-171
520
-464
539
91
-332
826
-314
-148
689
-196
-394
534
-112
-554
1188
-1136
582
651
-296
97
587
330
-357
585
79
-378
51
-290
-704
83
-217
-1011
500
-82
-976
430
-226
-716
226
-293
-539
87
17
-426
-306
835
-1489
486
-77
-911
8
-127
-754
-180
8
-916
748
-1320
604
-11
-909
956
-701
122
-22
-207
6
47
101
-184
328
337
-395
638
155
-278
550
505
-652
870
81
-85
664
-360
739
-263
440
-48
-2
445
-628
188
469
-804
384
101
-528
444
-444
96
-38
-752
852
-1117
172
184
-445
204
-128
68
-363
811
-706
-102
562
-500
-250
446
-513
-271
528
-1079
286
-166
-595
-409
-220
-163
-870
473
-657
-62
257
-248
-603
873
-724
-193
433
-884
161
47
-282
-300
421
-68
-334
90
597
-972
736
95
-638
876
-370
102
362
-332
243
107
-607
690
-473
315
-76
-399
894
-571
1
716
-595
515
-149
-122
230
-321
396
-397
-146
733
-542
242
742
-735
704
176
-154
15
796
-647
364
644
-575
567
-34
357
-488
562
-85
-462
505
-90
-176
-159
695
-784
610
-598
495
-552
83
76
-508
657
-615
501
-50
114
220
73
162
443
-557
664
-123
-77
123
129
-27
219
-136
241
-39
-31
347
-329
378
-400
132
93
-234
276
67
-445
785
-877
632
-17
-417
738
-702
726
-366
-215
524
-225
-588
747
-234
-680
636
-136
-984
646
33
-1022
883
-118
-597
749
-93
-563
587
55
-149
-251
793
-278
-412
1008
-449
-37
702
-691
390
594
-871
919
-289
361
-53
381
130
-22
957
-832
1016
101
-77
561
41
520
53
331
146
234
-68
426
-389
214
692
-956
754
-30
-121
-6
104
-146
-95
-53
-335
-67
-87
-188
-111
-68
-299
167
-255
-374
368
-137
-349
6
647
-935
316
582
-838
371
24
-362
191
-195
-372
334
-318
-305
-107
210
-309
-219
725
-646
212
568
-591
507
60
-180
450
-180
-133
254
-18
-324
160
321
-704
520
213
-362
465
-405
595
-509
122
55
-324
485
-671
155
502
-904
683
10
-773
1182
-1335
790
-447
-514
747
-1082
319
12
-549
14
173
-717
515
-493
-142
451
-563
259
-205
307
-390
-149
708
-1042
600
-69
-386
587
-402
259
254
12
-2
461
-15
75
192
244
-428
22
804
-1760
1459
-793
-11
138
-15
385
-546
1135
-1006
864
-12
-504
220
350
-731
188
234
-81
79
-174
658
-489
359
13
-410
509
-525
-276
190
-463
-169
390
-781
541
92
-255
188
262
-117
-243
403
-409
-147
51
-388
-340
171
-753
319
-222
-534
840
-730
650
-505
302
149
-153
-101
201
105
-635
687
-746
295
-269
32
-389
544
-667
343
293
-568
970
-619
636
-242
553
-403
394
238
-319
466
-241
561
-447
355
-20
-83
95
-237
193
47
-89
146
303
-31
185
262
122
61
325
-149
159
412
-498
446
10
-91
-240
458
-317
-361
706
-795
535
-52
-344
509
-509
272
-27
-176
374
-227
-8
547
-519
330
153
-269
137
-42
-108
199
-178
132
124
7
265
-170
643
-57
226
758
-125
633
459
-140
900
-495
643
-132
-36
109
-234
123
-149
150
100
257
-168
739
-241
77
330
-445
318
-812
341
-425
-336
82
-81
-190
148
158
-617
963
-788
158
127
-450
-108
-108
-378
-617
187
-803
-105
-148
-464
161
-80
-420
212
227
-653
304
100
-581
74
171
-658
305
-82
-386
389
-145
3
-20
310
9
-92
256
360
-216
236
262
59
84
154
-1
327
-184
136
362
-351
477
-22
-96
305
-221
-46
-106
-88
47
-287
362
38
-29
295
273
-248
425
-12
-435
729
-763
145
234
-142
-31
231
-15
304
-269
363
54
-607
697
-987
387
-131
-609
250
18
-323
201
107
-139
507
-652
688
-58
-393
691
-698
598
-54
-293
539
-73
-320
758
-897
797
-335
-73
505
-433
415
-149
64
-198
310
-551
297
-643
580
-620
-128
627
-667
458
-187
130
-62
-359
91
-102
-636
179
-410
-316
467
-655
487
26
-295
698
-704
416
146
-689
868
-554
116
320
-356
327
-234
187
-28
-565
796
-898
98
612
-946
713
221
-421
532
91
-319
383
-214
-10
-251
278
-273
-170
599
-196
35
632
18
119
639
86
336
131
458
177
-81
676
-193
388
403
-44
141
558
-150
34
441
252
-353
442
561
-734
763
-62
-355
336
-282
-511
226
-212
-502
56
634
-1303
1278
-278
-541
1004
-971
365
-562
195
-652
-25
74
-484
257
4
305
-373
1021
-844
509
317
-827
555
-597
315
-897
276
-231
-412
264
-320
-93
646
-765
352
673
-963
817
-147
10
6
144
-129
-252
540
-512
254
488
-268
432
550
-178
774
-139
558
-46
292
-108
503
-166
243
35
-54
292
-474
709
-704
551
-183
-119
60
52
-458
-116
136
-933
30
-251
-739
-427
-2
-876
-400
168
-952
174
-191
-228
-74
-68
62
-662
634
-564
-365
704
-1134
539
183
-971
960
-107
-236
560
30
333
-146
730
38
-269
1130
-914
379
742
-1239
845
244
-751
739
238
-539
1014
-140
63
543
214
-69
186
903
-1238
1268
-391
-386
843
-733
188
328
-352
-9
426
-405
176
-38
-320
-28
-434
97
-639
-118
-18
-1077
536
-1172
230
-514
-608
384
-786
33
-400
-10
-478
52
-329
-21
-311
343
-581
114
414
-775
725
-206
257
-209
432
109
-188
683
-188
426
198
-72
390
-122
27
112
-144
-181
558
-877
681
-266
-444
385
-524
-144
6
-574
-36
-256
-466
137
-487
184
-530
449
-456
-156
619
-1044
630
-62
-640
831
-672
108
252
-408
201
9
-384
297
-76
-424
581
-570
-8
45
-224
-35
-136
-40
-101
1
-52
-8
291
-146
340
264
-91
722
-423
587
270
-204
623
52
196
108
571
-156
446
392
-124
479
258
-189
409
252
-350
285
329
-597
298
215
-343
8
236
-467
251
-246
-39
-140
-29
-91
-359
65
-322
-170
-313
158
-646
267
-666
476
-459
-202
581
-405
126
165
66
-355
383
-422
75
-368
-162
121
-697
332
-280
-310
301
-159
-283
218
-271
-151
-367
205
-852
136
-428
-720
359
-611
-244
180
109
-421
629
-50
-116
1002
-625
712
303
-136
475
-60
571
-472
818
-27
147
399
182
354
301
116
520
-50
70
473
-535
160
-72
-268
-159
-175
-350
-97
-307
-10
-308
142
-5
-345
438
-511
318
3
-460
258
-131
-214
204
-158
278
-148
692
-522
706
-7
-132
511
-398
589
-429
348
-134
254
-418
500
-376
117
170
-368
498
-351
77
122
115
-116
310
111
261
100
552
318
89
1099
-364
884
617
-184
1345
-191
791
585
-312
926
-85
-192
477
-477
-23
-162
-502
-163
-332
-401
-375
-420
-421
-506
-320
-767
-103
-666
-508
-412
-461
-280
-868
216
-940
-92
-227
-622
153
-501
352
-542
451
-24
-47
499
104
238
-20
566
-210
403
260
23
200
541
-159
421
688
-272
577
200
243
-127
534
49
-376
612
-193
-150
229
390
-423
352
418
-420
603
185
-42
417
193
14
144
239
-25
37
293
-236
248
-12
48
167
-236
488
-354
232
-26
-142
0
-232
-16
-750
400
-639
-477
482
-850
288
-57
-347
408
-297
12
263
-199
276
-66
235
-244
484
-203
-98
837
-480
391
234
136
-181
535
-321
29
361
-429
237
-112
-107
32
-325
95
-234
-134
75
-604
414
-489
-156
378
-340
340
-75
173
-5
159
87
-24
242
91
33
-74
507
-470
276
86
-161
90
-83
-293
112
-235
-438
391
-720
212
-256
-337
101
-317
-313
44
-261
-158
102
-152
-203
139
-131
-233
407
-215
233
-24
361
-252
531
-15
-6
692
-631
483
99
-406
607
-420
14
163
-317
194
-518
465
-409
-124
515
-462
42
493
-532
318
177
-291
387
238
15
277
452
-26
506
78
145
204
42
103
-205
262
-480
-22
-100
-749
269
-599
-362
-48
-670
-151
-314
-206
-242
-274
-315
-266
-193
-372
102
-379
3
34
-263
420
108
-141
903
-298
349
576
-280
765
-88
277
302
-110
442
-48
-83
243
-470
140
-462
128
-193
-288
236
-397
-53
-50
-91
-269
128
-362
-111
15
-365
281
-224
-131
331
-516
485
-264
77
267
-180
95
185
28
-11
229
-141
-124
84
-152
-187
365
-328
-42
272
-312
-162
619
-837
287
-129
-600
100
-251
-130
-200
71
-430
182
-122
90
-21
258
-129
140
230
-268
547
-311
156
175
-92
303
189
79
259
17
122
144
-121
464
-490
435
-65
-293
244
-503
257
-617
101
-252
-290
238
-419
102
160
-302
386
13
-196
449
-397
200
282
-449
573
-20
-300
736
-508
401
89
-89
-16
-9
-97
-544
231
-538
-343
-164
-274
-567
-105
-413
-510
27
-792
309
-581
367
-195
19
437
-253
503
-71
595
-183
475
206
62
539
141
532
130
680
47
461
410
109
231
-1
241
-407
334
-396
-132
-150
-111
-392
-11
179
-467
399
-222
26
141
-208
366
-265
291
-34
163
17
274
33
-9
356
-465
583
-403
404
-79
83
200
-104
-32
96
-328
-127
-83
-557
82
-376
-16
-86
-294
218
-442
119
-218
-389
206
-498
-1
188
-513
557
-260
-70
349
-186
96
510
-234
511
373
-31
829
-156
669
264
27
817
-213
428
429
-206
579
29
101
192
133
8
-62
9
-97
-501
104
-608
-362
32
-819
15
-471
-183
-409
-59
-544
222
-541
-13
128
-405
403
-415
250
-34
-154
-11
104
-297
105
-58
-223
-43
-262
-490
129
-580
-161
-52
-356
-14
-185
-1
-345
209
-205
243
-148
470
-3
302
454
158
668
168
716
334
721
438
514
726
341
527
469
479
371
393
632
125
496
296
268
176
96
168
-101
128
-20
-135
188
-134
-204
182
-305
-133
-19
-342
-227
-243
-324
-504
-312
-477
-498
-346
-474
-374
-419
-330
-509
-93
-356
-298
163
-247
61
65
124
51
402
122
223
506
167
140
499
71
-94
593
-459
226
87
-469
109
-192
-481
-36
-399
-206
-123
-200
130
-199
151
117
6
280
118
130
334
225
249
480
259
512
500
269
682
151
570
133
336
278
-310
395
-473
-309
-81
-767
-360
-375
-874
-247
-655
-688
-241
-718
-178
-298
-399
96
-288
-64
81
-348
48
-69
-277
172
-161
-26
145
-158
134
-122
211
-285
232
-83
-70
-20
-6
38
-197
352
-216
422
145
135
492
153
425
42
552
-74
391
142
253
138
227
252
-49
391
-279
354
-136
-119
171
-286
-78
110
-380
317
-261
130
-101
179
-228
61
27
-442
226
-444
-90
-325
-96
-254
-407
86
-441
-182
113
-924
365
-704
-363
-137
-514
-216
-397
-124
-674
276
-493
172
-157
241
-43
71
530
-77
691
310
514
664
608
420
784
317
329
381
122
283
3
366
128
-35
509
-169
330
152
-189
352
-98
-3
337
41
236
446
78
686
5
553
203
228
308
-183
508
-192
80
134
-61
77
-12
-63
-25
-251
-107
-424
-284
-305
-636
-188
-577
-320
-366
-387
-261
-307
-258
-92
-348
-192
98
-534
242
-299
-210
152
-636
-9
-358
-392
-243
-456
-159
-334
-35
-108
174
3
267
54
232
205
56
328
34
603
64
875
409
626
893
454
730
691
396
440
577
-207
540
-196
-18
-63
-195
-166
-402
-123
-461
-400
-330
-396
-686
61
-841
-308
-37
-876
-209
-274
-841
-255
-522
-594
-194
-547
-191
-513
24
-357
-285
33
-208
-129
-23
-14
-101
351
-214
356
185
54
459
-65
517
-6
258
260
324
327
346
593
320
479
675
6
631
301
-176
509
-181
-11
121
-39
-198
172
-176
-26
-148
169
-245
197
64
-117
487
34
155
381
98
244
135
259
95
73
111
-94
-26
-13
-222
-99
144
-634
234
-493
-400
-257
-517
-549
-264
-618
-311
-381
-252
-329
-309
-146
-546
52
-550
-32
-152
-112
-39
40
53
-25
138
126
74
48
350
-9
336
267
118
223
168
-44
83
37
-42
-21
53
73
-123
382
-127
204
326
-94
340
28
242
58
70
340
-368
339
-294
-79
-96
-272
-278
-159
-375
-136
-263
-158
-136
-331
158
-360
160
38
-139
161
110
-66
207
66
-93
189
-46
-71
153
38
7
144
81
58
58
170
-216
293
-149
-185
225
-281
-14
-56
-84
-70
-44
-91
26
-231
117
-229
-120
72
-127
-60
107
19
-76
380
-92
198
341
37
201
338
-88
188
-23
-125
-57
-274
-94
-357
-178
-165
-249
-205
81
-234
78
46
-53
117
81
94
9
321
12
89
262
118
-16
272
44
-15
208
44
-28
201
13
-46
57
12
-92
7
206
-79
190
313
8
288
256
24
98
193
-225
100
-97
-32
-164
21
10
-252
295
-93
-65
234
-152
73
-2
28
-69
-132
92
-357
-38
-43
-275
-94
-44
-234
-153
37
-348
53
-112
15
-43
61
186
-181
430
4
71
365
25
101
205
20
-8
103
-71
-4
-86
-30
-168
-94
-48
-264
4
-146
-186
2
-138
-29
13
-154
161
-189
-48
57
-187
-28
-29
-96
-100
-40
-150
-189
42
-170
20
122
65
232
192
233
201
199
368
51
312
362
-129
508
59
-28
385
-142
73
89
-81
-126
128
-222
-159
107
-354
12
-107
-180
-21
-144
-21
-28
-62
55
-83
34
27
-77
116
-158
66
-122
-83
84
-263
217
-244
50
22
-185
111
-204
42
-132
6
-205
-5
-148
-194
2
-332
32
-121
-166
112
-209
34
41
-160
234
-181
150
81
-198
321
-228
182
69
-100
218
-32
74
82
127
56
139
179
68
233
63
179
126
43
263
-31
214
191
-16
245
95
-20
228
-114
10
72
-150
42
-144
36
-233
104
-135
-23
-17
-159
-27
-165
-43
-214
40
-289
32
-165
-102
6
-95
-71
16
-129
-71
57
-218
129
-71
-13
-5
72
-62
16
54
-144
138
-39
-72
243
-63
50
256
-259
266
-97
-86
157
-211
152
-35
-65
110
-30
-119
216
-188
144
-13
10
68
16
29
41
159
-102
184
-49
17
42
62
-42
140
-36
72
43
-48
-17
-26
-146
13
-168
-91
50
-299
186
-275
-49
-41
-296
108
-315
-40
-41
-255
43
-131
-106
33
-125
53
-4
38
114
28
132
146
104
169
181
46
267
-43
200
28
78
107
27
139
-65
155
-61
115
-94
88
13
-61
180
-116
154
12
-36
153
-33
-25
138
-36
18
200
-40
169
101
113
78
190
70
79
227
-147
193
-41
-69
120
-82
30
72
-112
81
1
-54
155
-30
31
185
16
81
143
40
24
185
-127
188
-59
34
-3
35
41
-76
245
-215
313
-130
167
49
-22
182
-114
142
-13
-21
32
-77
-67
69
-213
125
-73
-82
165
-218
193
-67
-36
102
-206
90
-66
-163
114
-176
-27
22
-241
56
-89
-197
116
-211
17
10
-162
172
-120
49
19
-45
-10
4
-122
38
-77
-44
91
-110
118
-116
8
-71
-127
-3
-211
-28
-102
-157
30
-122
-51
21
-84
13
60
-6
34
97
-79
134
-50
21
80
-119
118
-132
52
-53
-2
-20
-19
-36
-16
-25
-60
14
-45
-2
-48
16
-15
-104
103
-168
84
3
-147
173
-163
58
-16
-30
11
36
-6
19
-26
64
-50
40
-5
-39
-13
-27
-17
-36
74
-87
99
-40
-22
33
-63
9
-74
-46
-7
-132
39
-48
-64
49
-103
35
-103
3
-120
17
-135
-42
0
-139
52
-92
9
-28
-32
9
-56
-16
-28
11
34
5
65
4
62
2
58
22
-10
21
-66
41
-23
56
24
21
92
-56
71
-70
-24
-88
-37
-93
-8
-70
95
-59
78
-15
-55
28
-173
36
-167
35
-96
44
-37
12
-27
-31
2
-128
14
-114
-55
36
-96
84
-9
20
81
-31
62
8
-19
81
-44
69
9
51
62
122
80
140
153
65
182
71
114
74
138
51
184
33
143
64
70
49
39
49
4
72
-38
78
-12
56
0
7
1
-43
-23
-18
-86
-38
-119
-89
-77
-131
-16
-143
15
-74
-48
25
-149
44
-183
-2
-138
-65
-2
-34
82
40
145
66
182
53
69
75
-65
38
-29
-45
33
-60
16
12
-8
32
87
-51
98
40
-28
101
-54
29
41
-52
62
-9
20
28
-12
53
4
78
65
48
91
84
11
88
-9
2
19
-52
42
-40
20
-25
-14
-49
-2
-67
-17
-81
-40
-74
-47
-5
-55
32
-37
5
-19
-48
24
-66
-25
19
-77
24
-22
-41
22
-14
-59
35
-26
-22
108
-59
150
58
42
192
-21
179
93
42
188
1
148
120
16
171
27
70
65
-7
24
-35
-61
-78
-36
-96
-2
-27
-20
37
-57
35
-44
-51
-5
-55
-45
14
-45
76
-15
74
18
50
59
20
115
-5
161
29
99
86
-28
68
-78
-77
-70
-193
-69
-156
-99
-24
-122
21
-75
-35
-26
-57
-69
-91
-93
-134
-71
-114
-83
-28
-53
5
21
8
49
22
5
20
-38
33
-53
7
-28
-62
23
-63
6
-3
3
13
67
-15
82
49
-32
116
-64
27
8
-74
45
-56
0
12
-47
76
-29
82
43
0
80
-22
7
-24
10
-25
54
28
49
93
48
117
85
70
128
50
112
45
43
24
3
2
10
-37
44
-28
44
51
5
67
-10
53
-9
20
15
16
29
14
3
-4
-10
-25
-40
-26
6
5
32
27
20
47
17
12
1
-5
-18
-13
-10
-4
-23
30
-11
35
-11
21
-38
29
-41
-2
-19
-20
9
-41
37
-66
18
-49
-41
-32
-32
-41
-6
-62
23
-79
-1
-59
-83
-43
-146
-10
-121
-2
-46
-23
4
-12
23
-13
48
-28
40
-17
48
20
38
83
4
112
-21
81
-23
26
19
-22
31
0
2
16
-36
25
-27
-54
19
-106
22
-103
13
-30
-2
39
-8
60
16
0
25
28
-40
92
-83
75
32
-30
73
-62
6
-36
-97
-23
-94
-55
-27
-78
12
-71
-21
-39
-66
-50
-34
-79
11
-24
10
33
25
34
14
61
-17
104
-12
76
53
19
101
-13
97
-6
11
-4
-48
-14
-13
-66
-1
-20
-56
2
-57
-65
5
-86
-1
-14
-45
61
-24
41
6
19
35
-37
24
-46
3
-19
-8
11
-28
26
-36
40
-20
-27
-23
-55
-73
-1
-86
27
-26
6
49
-15
96
-32
81
-2
2
48
-41
52
-11
19
23
-23
28
-33
-19
24
-43
13
31
-37
59
-5
-3
51
-17
15
6
-8
25
-14
41
51
16
85
53
45
121
20
93
61
50
84
27
61
15
21
-13
1
-67
27
-64
-9
38
-63
70
-24
18
0
-31
-33
-36
-80
-6
-42
-13
45
-49
34
3
-43
50
-70
31
-14
-36
64
-48
17
-6
-70
12
-75
-50
-11
-75
16
-60
21
5
-22
52
-35
4
5
-39
-16
-45
-12
-38
-3
-25
17
-16
-8
-19
-41
17
-19
24
40
30
45
39
21
34
-8
13
-18
24
0
42
6
33
19
-32
36
-36
19
-19
-31
-4
-44
-51
-29
-72
-32
-22
-69
-6
-65
-48
-56
-58
-1
-51
11
5
-5
22
3
-6
20
-19
1
13
-26
51
-12
37
22
-16
7
-52
-23
-35
-67
-18
-72
-38
2
-61
27
-16
9
-2
-10
11
-24
42
22
16
93
-3
63
45
-43
87
-25
58
66
38
117
14
87
17
-1
0
-27
-52
-6
-60
-28
8
-53
33
-16
18
26
-46
29
-61
-12
-46
-61
-2
-28
-21
6
-19
-22
0
-30
32
24
11
66
10
52
45
-27
71
-69
14
-20
-67
42
-54
-5
47
-35
57
18
-16
84
-27
47
9
-32
24
-44
-16
4
-59
33
-35
-1
40
-32
36
16
-39
51
-28
0
31
-44
56
-34
40
3
14
27
-4
18
14
-2
33
19
-18
26
-33
-7
-19
-30
-10
-39
-12
-47
-12
-16
-17
11
-23
-7
-9
-7
-3
-3
2
-4
-1
-14
-17
-28
-31
-34
-15
-11
19
14
12
12
-3
4
-30
-10
6
